day_key,mae_24h,mse_24h,mean_residual,min_residual,max_residual,host_mae_24h,target_min,target_max,abs_err_h01,residual_h01,abs_err_h02,residual_h02,abs_err_h03,residual_h03,abs_err_h04,residual_h04,abs_err_h05,residual_h05,abs_err_h06,residual_h06,abs_err_h07,residual_h07,abs_err_h08,residual_h08,abs_err_h09,residual_h09,abs_err_h10,residual_h10,abs_err_h11,residual_h11,abs_err_h12,residual_h12,abs_err_h13,residual_h13,abs_err_h14,residual_h14,abs_err_h15,residual_h15,abs_err_h16,residual_h16,abs_err_h17,residual_h17,abs_err_h18,residual_h18,abs_err_h19,residual_h19,abs_err_h20,residual_h20,abs_err_h21,residual_h21,abs_err_h22,residual_h22,abs_err_h23,residual_h23,abs_err_h24,residual_h24
2024-12-17,75.49929682413737,7937.075630910734,-3.1090367635091147,-165.0271453857422,155.64041137695312,33.275525410970054,137.30999755859375,402.8699951171875,9.847442626953125,9.847442626953125,30.65643310546875,-30.65643310546875,79.11953735351562,-79.11953735351562,50.365509033203125,-50.365509033203125,70.69589233398438,-70.69589233398438,75.45449829101562,-75.45449829101562,84.09976196289062,-84.09976196289062,145.74459838867188,-145.74459838867188,165.0271453857422,-165.0271453857422,69.36152648925781,-69.36152648925781,26.809951782226562,-26.809951782226562,91.85391235351562,-91.85391235351562,12.979034423828125,-12.979034423828125,8.034820556640625,-8.034820556640625,40.59938049316406,40.59938049316406,33.097381591796875,-33.097381591796875,16.15032958984375,16.15032958984375,76.65426635742188,76.65426635742188,98.52017211914062,98.52017211914062,134.781982421875,134.781982421875,93.21170043945312,93.21170043945312,99.73202514648438,99.73202514648438,143.54541015625,143.54541015625,155.64041137695312,155.64041137695312
2024-12-18,120.23389132817586,23924.02014071342,107.83257246017456,-46.6566162109375,339.0202941894531,127.96118243535359,-80.33000183105469,392.6400146484375,144.80404663085938,144.80404663085938,176.80836486816406,176.80836486816406,171.5538558959961,171.5538558959961,190.5311050415039,190.5311050415039,197.2081527709961,197.2081527709961,339.0202941894531,339.0202941894531,226.00587463378906,226.00587463378906,57.93243408203125,57.93243408203125,15.779296875,15.779296875,241.31924438476562,241.31924438476562,231.41647338867188,231.41647338867188,151.8776092529297,151.8776092529297,198.51031494140625,198.51031494140625,211.6994171142578,211.6994171142578,152.54980087280273,152.54980087280273,9.00921630859375,-9.00921630859375,16.556488037109375,-16.556488037109375,5.457305908203125,5.457305908203125,17.29779052734375,17.29779052734375,7.02618408203125,7.02618408203125,9.035430908203125,-9.035430908203125,27.4288330078125,-27.4288330078125,40.129241943359375,-40.129241943359375,46.6566162109375,-46.6566162109375
2024-12-19,136.71178754170737,31176.10739508447,-94.59024365743001,-372.2568664550781,156.3064422607422,114.29176839192708,187.0399932861328,408.25,12.267822265625,12.267822265625,41.994171142578125,-41.994171142578125,56.237091064453125,-56.237091064453125,60.87837219238281,-60.87837219238281,62.542266845703125,-62.542266845703125,69.4427490234375,-69.4427490234375,57.075653076171875,-57.075653076171875,123.3568115234375,-123.3568115234375,210.19924926757812,-210.19924926757812,289.59423828125,-289.59423828125,319.30859375,-319.30859375,372.2568664550781,-372.2568664550781,335.54656982421875,-335.54656982421875,312.9464111328125,-312.9464111328125,225.10829162597656,-225.10829162597656,142.2728729248047,-142.2728729248047,95.53286743164062,-95.53286743164062,1.331298828125,-1.331298828125,17.058807373046875,17.058807373046875,52.8697509765625,52.8697509765625,73.27099609375,73.27099609375,70.01226806640625,70.01226806640625,123.67243957519531,123.67243957519531,156.3064422607422,156.3064422607422
2024-12-20,70.75014515717824,10033.407680815782,14.481086929639181,-156.87973022460938,255.37119007110596,82.26954162120819,-13.869999885559082,475.4200134277344,28.613052368164062,-28.613052368164062,27.311355590820312,-27.311355590820312,20.671707153320312,-20.671707153320312,7.3514862060546875,-7.3514862060546875,12.99713134765625,12.99713134765625,45.18983459472656,45.18983459472656,12.163116455078125,-12.163116455078125,71.52545166015625,-71.52545166015625,85.15118408203125,-85.15118408203125,72.10081481933594,72.10081481933594,55.852294921875,55.852294921875,9.839385986328125,9.839385986328125,72.64653015136719,72.64653015136719,27.806167602539062,27.806167602539062,19.288238525390625,-19.288238525390625,127.0458984375,-127.0458984375,156.87973022460938,-156.87973022460938,83.34463500976562,-83.34463500976562,20.50665283203125,-20.50665283203125,15.376190185546875,-15.376190185546875,37.11474609375,37.11474609375,224.9810791015625,224.9810791015625,208.8756103515625,208.8756103515625,255.37119007110596,255.37119007110596
2024-12-21,139.34848801294962,25136.319719800715,77.9453953107198,-116.38642883300781,294.7682189941406,82.58967733383179,-80.5199966430664,422.75,166.59488677978516,166.59488677978516,148.4560317993164,148.4560317993164,179.10540008544922,179.10540008544922,199.5573501586914,199.5573501586914,240.05396270751953,240.05396270751953,272.36812591552734,272.36812591552734,294.7682189941406,294.7682189941406,47.89262390136719,47.89262390136719,47.120849609375,-47.120849609375,158.03058242797852,158.03058242797852,162.75405502319336,162.75405502319336,141.98447036743164,141.98447036743164,144.1934356689453,144.1934356689453,176.4968719482422,176.4968719482422,275.2705841064453,275.2705841064453,48.723358154296875,-48.723358154296875,48.987579345703125,-48.987579345703125,54.708892822265625,-54.708892822265625,60.54046630859375,-60.54046630859375,67.11444091796875,-67.11444091796875,73.59906005859375,-73.59906005859375,108.87417602539062,-108.87417602539062,116.38642883300781,-116.38642883300781,110.7818603515625,-110.7818603515625
2024-12-22,93.26681264241536,11820.840968109793,-27.117908477783203,-225.7822723388672,129.5019989013672,108.82082049051921,-80.36000061035156,586.989990234375,58.72332763671875,58.72332763671875,5.8673553466796875,5.8673553466796875,53.7784423828125,-53.7784423828125,59.05279541015625,-59.05279541015625,72.80105590820312,-72.80105590820312,63.01478576660156,-63.01478576660156,91.31391906738281,-91.31391906738281,204.49966430664062,-204.49966430664062,225.7822723388672,-225.7822723388672,116.34695434570312,116.34695434570312,92.75377655029297,92.75377655029297,76.07588958740234,76.07588958740234,77.90138244628906,77.90138244628906,111.82344818115234,111.82344818115234,41.786643981933594,41.786643981933594,122.56497192382812,-122.56497192382812,188.56649780273438,-188.56649780273438,173.53598022460938,-173.53598022460938,67.17471313476562,-67.17471313476562,68.4847412109375,-68.4847412109375,54.04681396484375,-54.04681396484375,8.709564208984375,8.709564208984375,74.2965087890625,74.2965087890625,129.5019989013672,129.5019989013672
2024-12-23,104.53258641560872,15196.034162927535,-85.27877426147461,-269.9444885253906,67.37626647949219,105.45483080546062,59.41999816894531,558.4400024414062,67.37626647949219,67.37626647949219,34.795745849609375,34.795745849609375,40.835693359375,40.835693359375,25.902984619140625,25.902984619140625,37.717071533203125,37.717071533203125,24.417984008789062,24.417984008789062,70.6929931640625,-70.6929931640625,211.28160095214844,-211.28160095214844,269.9444885253906,-269.9444885253906,77.00120544433594,-77.00120544433594,69.28326416015625,-69.28326416015625,181.61573791503906,-181.61573791503906,76.76109313964844,-76.76109313964844,144.79991149902344,-144.79991149902344,105.35447692871094,-105.35447692871094,176.67361450195312,-176.67361450195312,198.99966430664062,-198.99966430664062,184.73138427734375,-184.73138427734375,100.72415161132812,-100.72415161132812,111.27975463867188,-111.27975463867188,94.227783203125,-94.227783203125,77.98269653320312,-77.98269653320312,64.23074340820312,-64.23074340820312,62.151763916015625,-62.151763916015625
2024-12-24,132.61564954121908,26680.27638425522,-45.22780164082845,-327.0633850097656,187.8114013671875,62.14466158548991,267.3599853515625,389.2799987792969,71.05966186523438,71.05966186523438,10.412200927734375,10.412200927734375,27.815704345703125,-27.815704345703125,16.645355224609375,-16.645355224609375,40.570281982421875,-40.570281982421875,39.5322265625,-39.5322265625,30.573760986328125,-30.573760986328125,115.68794250488281,-115.68794250488281,193.4690704345703,-193.4690704345703,269.91204833984375,-269.91204833984375,284.5461120605469,-284.5461120605469,327.0633850097656,-327.0633850097656,273.810302734375,-273.810302734375,273.1868896484375,-273.1868896484375,165.69117736816406,-165.69117736816406,75.61715698242188,-75.61715698242188,21.64996337890625,21.64996337890625,78.86126708984375,78.86126708984375,146.32666015625,146.32666015625,187.8114013671875,187.8114013671875,160.88482666015625,160.88482666015625,134.61663818359375,134.61663818359375,126.46438598632812,126.46438598632812,110.56716918945312,110.56716918945312
2024-12-25,98.0132876932621,17141.259620727233,-27.81191270550092,-222.7389373779297,300.47470450401306,87.88426064451535,3.1600000858306885,410.489990234375,56.818145751953125,56.818145751953125,24.576202392578125,24.576202392578125,3.9290924072265625,-3.9290924072265625,17.719711303710938,17.719711303710938,33.040924072265625,33.040924072265625,12.272308349609375,12.272308349609375,12.23565673828125,12.23565673828125,56.051483154296875,-56.051483154296875,145.55767822265625,-145.55767822265625,222.7389373779297,-222.7389373779297,170.0812530517578,-170.0812530517578,204.05320739746094,-204.05320739746094,189.8381805419922,-189.8381805419922,200.92355346679688,-200.92355346679688,170.76527404785156,-170.76527404785156,95.622314453125,-95.622314453125,47.76019287109375,-47.76019287109375,2.58123779296875,-2.58123779296875,43.681884765625,43.681884765625,32.644500732421875,32.644500732421875,30.06500244140625,30.06500244140625,64.35391235351562,64.35391235351562,214.5335464477539,214.5335464477539,300.47470450401306,300.47470450401306
2024-12-26,253.8297996520996,72357.01938192039,30.894739786783855,-370.1501159667969,352.1677551269531,181.5207379659017,-80.86000061035156,742.780029296875,227.15658569335938,227.15658569335938,198.2957000732422,198.2957000732422,225.4798126220703,225.4798126220703,268.28326416015625,268.28326416015625,310.76507568359375,310.76507568359375,352.1677551269531,352.1677551269531,227.5762939453125,227.5762939453125,36.61572265625,-36.61572265625,10.071258544921875,-10.071258544921875,306.2409973144531,306.2409973144531,299.99010467529297,299.99010467529297,274.18091583251953,274.18091583251953,270.0587463378906,270.0587463378906,288.85034942626953,288.85034942626953,167.64887237548828,167.64887237548828,201.89480590820312,-201.89480590820312,370.1501159667969,-370.1501159667969,360.68951416015625,-360.68951416015625,342.88629150390625,-342.88629150390625,328.1017761230469,-328.1017761230469,319.6649169921875,-319.6649169921875,288.38970947265625,-288.38970947265625,220.33883666992188,-220.33883666992188,196.4177703857422,-196.4177703857422
2024-12-27,128.3410940170288,24293.371655496525,6.214256604512532,-392.33103942871094,292.96754455566406,128.18190352121988,-80.0,513.5499877929688,33.9853515625,-33.9853515625,125.1925048828125,-125.1925048828125,104.98141479492188,-104.98141479492188,115.33056640625,-115.33056640625,99.36489868164062,-99.36489868164062,100.73428344726562,-100.73428344726562,128.55996704101562,-128.55996704101562,316.7861785888672,-316.7861785888672,392.33103942871094,-392.33103942871094,18.673660278320312,-18.673660278320312,95.66015625,95.66015625,83.92843627929688,83.92843627929688,106.17815399169922,106.17815399169922,160.91412353515625,160.91412353515625,292.96754455566406,292.96754455566406,113.08546447753906,113.08546447753906,29.582183837890625,-29.582183837890625,63.33453369140625,63.33453369140625,92.58734130859375,92.58734130859375,79.53302001953125,79.53302001953125,91.8404541015625,91.8404541015625,84.57821655273438,84.57821655273438,142.67384338378906,142.67384338378906,207.38291931152344,207.38291931152344
2024-12-28,167.99187898635864,46616.67178357655,24.576786200205486,-436.21820068359375,350.8019371032715,134.5908153851827,-83.6500015258789,768.3800048828125,283.1235542297363,283.1235542297363,286.7492923736572,286.7492923736572,241.7752628326416,241.7752628326416,271.9044132232666,271.9044132232666,307.47429847717285,307.47429847717285,343.01318359375,343.01318359375,350.8019371032715,350.8019371032715,24.35479736328125,-24.35479736328125,22.218826293945312,-22.218826293945312,111.32770538330078,111.32770538330078,32.766693115234375,32.766693115234375,22.08533477783203,22.08533477783203,4.480743408203125,-4.480743408203125,53.213348388671875,53.213348388671875,6.409152984619141,-6.409152984619141,293.9209442138672,-293.9209442138672,436.21820068359375,-436.21820068359375,326.63677978515625,-326.63677978515625,179.54086303710938,-179.54086303710938,177.35821533203125,-177.35821533203125,117.8037109375,-117.8037109375,89.86032104492188,-89.86032104492188,42.178558349609375,-42.178558349609375,6.588958740234375,6.588958740234375
2024-12-29,257.0878216822942,100739.05009642418,241.58220517635345,-103.35783386230469,635.0912647247314,182.52818461259207,-80.05999755859375,304.07000732421875,156.33819580078125,156.33819580078125,163.24007415771484,163.24007415771484,95.43768310546875,95.43768310546875,113.4918212890625,113.4918212890625,82.04278564453125,82.04278564453125,147.95437622070312,147.95437622070312,198.52095794677734,198.52095794677734,82.70956420898438,-82.70956420898438,103.35783386230469,-103.35783386230469,126.48747634887695,126.48747634887695,133.03048706054688,133.03048706054688,71.6205825805664,71.6205825805664,85.91107177734375,85.91107177734375,124.84516906738281,124.84516906738281,275.876708984375,275.876708984375,249.3499412536621,249.3499412536621,269.9613494873047,269.9613494873047,371.71861267089844,371.71861267089844,523.9625015258789,523.9625015258789,548.1044845581055,548.1044845581055,635.0912647247314,635.0912647247314,524.8806371688843,524.8806371688843,589.4055709838867,589.4055709838867,496.76856994628906,496.76856994628906
2024-12-30,174.451860109965,45024.3710406907,-165.50990072886148,-492.0224609375,46.17570495605469,224.3576052983602,109.56999969482422,568.0700073242188,191.24856567382812,-191.24856567382812,242.999267578125,-242.999267578125,151.4669189453125,-151.4669189453125,144.3478546142578,-144.3478546142578,202.95709228515625,-202.95709228515625,167.1306915283203,-167.1306915283203,206.62628173828125,-206.62628173828125,311.5057678222656,-311.5057678222656,492.0224609375,-492.0224609375,409.0607604980469,-409.0607604980469,333.3192138671875,-333.3192138671875,269.6722412109375,-269.6722412109375,192.61968231201172,-192.61968231201172,183.1268310546875,-183.1268310546875,116.18069458007812,-116.18069458007812,170.04652404785156,-170.04652404785156,108.01348876953125,-108.01348876953125,73.030029296875,-73.030029296875,41.668304443359375,-41.668304443359375,27.8084716796875,27.8084716796875,18.169097900390625,-18.169097900390625,33.3193359375,33.3193359375,46.17570495605469,46.17570495605469,54.32936096191406,-54.32936096191406
2024-12-31,58.54933420817057,5138.296809968208,-13.883450826009115,-145.67807006835938,125.63922119140625,81.11310704549153,23.75,415.010009765625,107.77500915527344,107.77500915527344,50.70103454589844,50.70103454589844,7.891876220703125,-7.891876220703125,63.22331237792969,-63.22331237792969,39.66748046875,-39.66748046875,29.15399169921875,-29.15399169921875,30.892059326171875,-30.892059326171875,92.84600830078125,-92.84600830078125,101.55621337890625,-101.55621337890625,109.30335998535156,-109.30335998535156,32.3636474609375,-32.3636474609375,31.828231811523438,-31.828231811523438,48.34686279296875,48.34686279296875,15.679901123046875,-15.679901123046875,58.19230651855469,-58.19230651855469,145.67807006835938,-145.67807006835938,87.24853515625,-87.24853515625,5.0889892578125,5.0889892578125,19.53082275390625,19.53082275390625,16.804931640625,16.804931640625,37.600128173828125,37.600128173828125,23.668426513671875,-23.668426513671875,125.63922119140625,125.63922119140625,124.50360107421875,124.50360107421875
2025-01-01,96.2696029941241,12214.507195181699,-88.63622293869655,-176.30967712402344,81.05390167236328,112.73777824640274,-79.48999786376953,406.19000244140625,102.04490661621094,-102.04490661621094,152.7528533935547,-152.7528533935547,152.5021514892578,-152.5021514892578,176.30967712402344,-176.30967712402344,160.84454345703125,-160.84454345703125,122.2677001953125,-122.2677001953125,68.92098999023438,-68.92098999023438,84.8424072265625,-84.8424072265625,168.806884765625,-168.806884765625,167.73748779296875,-167.73748779296875,74.51555633544922,-74.51555633544922,10.546658992767334,10.546658992767334,81.05390167236328,81.05390167236328,18.223434448242188,-18.223434448242188,149.68295288085938,-149.68295288085938,164.67431640625,-164.67431640625,115.98541259765625,-115.98541259765625,14.553131103515625,-14.553131103515625,26.330413818359375,-26.330413818359375,46.326995849609375,-46.326995849609375,32.757354736328125,-32.757354736328125,70.2147216796875,-70.2147216796875,70.64529418945312,-70.64529418945312,77.93072509765625,-77.93072509765625
2025-01-02,119.29580084482829,21354.767872563487,12.985865592956543,-238.14865112304688,342.2355422973633,80.8356777826945,29.31999969482422,414.79998779296875,139.56094360351562,139.56094360351562,125.75936889648438,125.75936889648438,155.4541778564453,155.4541778564453,151.52236938476562,151.52236938476562,136.40338134765625,136.40338134765625,247.22793579101562,247.22793579101562,342.2355422973633,342.2355422973633,21.727142333984375,21.727142333984375,83.27200317382812,-83.27200317382812,143.6732177734375,-143.6732177734375,172.3218231201172,-172.3218231201172,170.13865661621094,-170.13865661621094,179.947509765625,-179.947509765625,238.14865112304688,-238.14865112304688,180.55906677246094,-180.55906677246094,101.92828369140625,-101.92828369140625,5.730010986328125,-5.730010986328125,36.08819580078125,36.08819580078125,83.66375732421875,83.66375732421875,47.176116943359375,47.176116943359375,53.03765869140625,53.03765869140625,25.32965087890625,25.32965087890625,21.237274169921875,21.237274169921875,0.95648193359375,0.95648193359375
2025-01-03,53.42539405822754,4607.282610509807,-36.78157488505045,-188.3690948486328,58.184173583984375,46.7339776357015,125.30999755859375,349.3399963378906,4.229949951171875,4.229949951171875,42.37933349609375,-42.37933349609375,64.89517211914062,-64.89517211914062,19.302734375,-19.302734375,52.25843811035156,-52.25843811035156,54.000244140625,-54.000244140625,5.483673095703125,-5.483673095703125,24.27447509765625,-24.27447509765625,100.40849304199219,-100.40849304199219,188.3690948486328,-188.3690948486328,92.99983215332031,-92.99983215332031,91.03675842285156,-91.03675842285156,75.21334838867188,-75.21334838867188,83.708740234375,-83.708740234375,83.42738342285156,-83.42738342285156,80.50495910644531,-80.50495910644531,13.536865234375,-13.536865234375,34.073883056640625,34.073883056640625,48.62445068359375,48.62445068359375,58.184173583984375,58.184173583984375,44.70233154296875,44.70233154296875,10.641998291015625,-10.641998291015625,9.911041259765625,9.911041259765625,0.042083740234375,-0.042083740234375
2025-01-04,54.193607330322266,4572.24469007117,-48.88547897338867,-146.40670776367188,35.19879150390625,63.07535489400228,125.75,386.6499938964844,35.19879150390625,35.19879150390625,26.27227783203125,-26.27227783203125,40.82879638671875,-40.82879638671875,13.302581787109375,-13.302581787109375,31.818206787109375,-31.818206787109375,2.280914306640625,2.280914306640625,9.71575927734375,-9.71575927734375,60.78466796875,-60.78466796875,127.60433959960938,-127.60433959960938,146.40670776367188,-146.40670776367188,39.61717224121094,-39.61717224121094,68.15959167480469,-68.15959167480469,26.21783447265625,26.21783447265625,95.8397216796875,-95.8397216796875,143.9423370361328,-143.9423370361328,89.27801513671875,-89.27801513671875,45.865325927734375,-45.865325927734375,5.77520751953125,-5.77520751953125,23.506317138671875,-23.506317138671875,27.706268310546875,-27.706268310546875,37.483642578125,-37.483642578125,65.58657836914062,-65.58657836914062,63.8525390625,-63.8525390625,73.60298156738281,-73.60298156738281
2025-01-05,46.63664944966634,3229.0435411056874,11.586114883422852,-91.94776916503906,128.4757537841797,42.26175498962402,160.55999755859375,355.2799987792969,128.4757537841797,128.4757537841797,85.842529296875,85.842529296875,60.91815185546875,60.91815185546875,49.2734375,49.2734375,38.20977783203125,38.20977783203125,49.5704345703125,49.5704345703125,68.15142822265625,68.15142822265625,17.299560546875,17.299560546875,35.927978515625,-35.927978515625,83.0867919921875,-83.0867919921875,91.94776916503906,-91.94776916503906,33.96961975097656,-33.96961975097656,3.75836181640625,3.75836181640625,33.474639892578125,-33.474639892578125,51.715911865234375,-51.715911865234375,79.91665649414062,-79.91665649414062,9.096954345703125,-9.096954345703125,0.505401611328125,0.505401611328125,19.555267333984375,19.555267333984375,22.2230224609375,22.2230224609375,33.37347412109375,33.37347412109375,1.4700927734375,-1.4700927734375,36.620452880859375,36.620452880859375,84.8961181640625,84.8961181640625
2025-01-06,72.31518173217773,6183.715978725634,-24.044598897298176,-124.71176147460938,100.6521987915039,61.07255744934082,77.7300033569336,451.29998779296875,71.15785217285156,71.15785217285156,41.31549072265625,41.31549072265625,52.36231994628906,52.36231994628906,42.6343994140625,42.6343994140625,42.842132568359375,42.842132568359375,73.78816223144531,73.78816223144531,99.53392028808594,99.53392028808594,42.89801025390625,-42.89801025390625,111.65188598632812,-111.65188598632812,85.17941284179688,-85.17941284179688,29.927352905273438,-29.927352905273438,100.6521987915039,100.6521987915039,54.96051788330078,54.96051788330078,38.17021179199219,-38.17021179199219,81.02507019042969,-81.02507019042969,106.12628173828125,-106.12628173828125,124.71176147460938,-124.71176147460938,109.96804809570312,-109.96804809570312,90.12911987304688,-90.12911987304688,115.58575439453125,-115.58575439453125,90.41171264648438,-90.41171264648438,69.20718383789062,-69.20718383789062,53.296630859375,-53.296630859375,8.0289306640625,-8.0289306640625
2025-01-07,83.97869284947713,12470.24849705604,39.59492413202921,-94.98297119140625,261.39915466308594,81.18402910232544,-80.0,445.92999267578125,68.28935241699219,68.28935241699219,38.95436096191406,38.95436096191406,53.21018981933594,53.21018981933594,52.70899963378906,52.70899963378906,32.75932312011719,32.75932312011719,12.6737060546875,12.6737060546875,47.503936767578125,47.503936767578125,36.251739501953125,-36.251739501953125,94.98297119140625,-94.98297119140625,86.08515930175781,86.08515930175781,254.92298126220703,254.92298126220703,261.39915466308594,261.39915466308594,229.73577880859375,229.73577880859375,214.76318740844727,214.76318740844727,102.97322082519531,102.97322082519531,68.46435546875,-68.46435546875,54.147796630859375,-54.147796630859375,75.80718994140625,-75.80718994140625,53.912872314453125,-53.912872314453125,46.71630859375,-46.71630859375,41.15167236328125,-41.15167236328125,49.22283935546875,-49.22283935546875,11.947479248046875,-11.947479248046875,26.904052734375,26.904052734375
2025-01-08,91.13248189290364,12832.397495832129,64.98021443684895,-83.13265991210938,227.83319091796875,73.51436996459961,-80.0,408.5299987792969,75.66403198242188,75.66403198242188,95.34754943847656,95.34754943847656,105.11256408691406,105.11256408691406,112.29510498046875,112.29510498046875,112.22540283203125,112.22540283203125,186.2239761352539,186.2239761352539,214.78884887695312,214.78884887695312,18.051300048828125,18.051300048828125,51.35882568359375,-51.35882568359375,90.18404388427734,90.18404388427734,227.83319091796875,227.83319091796875,154.6875457763672,154.6875457763672,143.8746681213379,143.8746681213379,178.53998947143555,178.53998947143555,156.11221313476562,156.11221313476562,35.35150146484375,-35.35150146484375,83.13265991210938,-83.13265991210938,42.5494384765625,-42.5494384765625,29.203125,-29.203125,13.016448974609375,-13.016448974609375,20.00750732421875,-20.00750732421875,14.822967529296875,-14.822967529296875,24.384735107421875,-24.384735107421875,2.41192626953125,2.41192626953125
2025-01-09,80.28055087725322,8747.79411861612,-9.294447342554728,-145.07843017578125,165.0181121826172,94.61092019081116,-34.36000061035156,500.0899963378906,17.0557861328125,-17.0557861328125,23.425216674804688,23.425216674804688,4.352386474609375,-4.352386474609375,15.67352294921875,15.67352294921875,6.0726165771484375,-6.0726165771484375,50.138763427734375,50.138763427734375,165.0181121826172,165.0181121826172,75.54107666015625,-75.54107666015625,145.07843017578125,-145.07843017578125,69.36567687988281,69.36567687988281,139.81103897094727,139.81103897094727,76.78099250793457,76.78099250793457,24.72673797607422,24.72673797607422,139.15032958984375,139.15032958984375,147.74285125732422,147.74285125732422,65.87368774414062,-65.87368774414062,119.85403442382812,-119.85403442382812,126.57476806640625,-126.57476806640625,93.46743774414062,-93.46743774414062,79.80990600585938,-79.80990600585938,71.13525390625,-71.13525390625,99.11392211914062,-99.11392211914062,106.93380737304688,-106.93380737304688,64.036865234375,-64.036865234375
2025-01-10,47.426018714904785,4007.376852307618,-14.423014640808105,-155.98968505859375,146.1688003540039,52.83250141143799,-46.599998474121094,419.20001220703125,1.595916748046875,-1.595916748046875,1.136505126953125,-1.136505126953125,45.141082763671875,-45.141082763671875,47.680084228515625,-47.680084228515625,47.12030029296875,-47.12030029296875,33.9005126953125,-33.9005126953125,43.802734375,-43.802734375,100.34799194335938,-100.34799194335938,155.98968505859375,-155.98968505859375,108.86883544921875,-108.86883544921875,30.257583618164062,-30.257583618164062,28.297534942626953,28.297534942626953,146.1688003540039,146.1688003540039,62.72422409057617,62.72422409057617,3.393890380859375,3.393890380859375,66.219970703125,-66.219970703125,53.261077880859375,-53.261077880859375,0.117462158203125,-0.117462158203125,14.579833984375,14.579833984375,47.061187744140625,47.061187744140625,44.604461669921875,44.604461669921875,38.6849365234375,38.6849365234375,10.52117919921875,10.52117919921875,6.7486572265625,-6.7486572265625
2025-01-11,67.1771011352539,6485.025996788948,-14.484212239583334,-144.82981872558594,102.32882690429688,31.0758851369222,168.67999267578125,362.4800109863281,58.44830322265625,58.44830322265625,36.930572509765625,36.930572509765625,1.890960693359375,-1.890960693359375,16.393035888671875,-16.393035888671875,17.590362548828125,-17.590362548828125,9.315399169921875,9.315399169921875,13.760162353515625,13.760162353515625,31.028167724609375,-31.028167724609375,77.90792846679688,-77.90792846679688,138.99725341796875,-138.99725341796875,144.82981872558594,-144.82981872558594,144.5011749267578,-144.5011749267578,90.51190185546875,-90.51190185546875,116.53840637207031,-116.53840637207031,121.99525451660156,-121.99525451660156,58.027069091796875,-58.027069091796875,19.72442626953125,-19.72442626953125,37.989105224609375,37.989105224609375,49.890625,49.890625,85.03921508789062,85.03921508789062,102.32882690429688,102.32882690429688,92.70333862304688,92.70333862304688,88.88287353515625,88.88287353515625,57.0262451171875,57.0262451171875
2025-01-12,62.51686485608419,5167.358416835566,-12.900160392125448,-114.08432006835938,158.82752990722656,84.9039892355601,-64.91000366210938,409.3399963378906,65.70953369140625,-65.70953369140625,56.052520751953125,-56.052520751953125,94.65679931640625,-94.65679931640625,93.52786254882812,-93.52786254882812,67.09487915039062,-67.09487915039062,21.9654541015625,-21.9654541015625,28.3123779296875,28.3123779296875,41.947479248046875,-41.947479248046875,88.62911987304688,-88.62911987304688,60.04827880859375,-60.04827880859375,75.07980346679688,75.07980346679688,75.8376235961914,75.8376235961914,158.82752990722656,158.82752990722656,101.45365333557129,101.45365333557129,41.44488525390625,41.44488525390625,80.840087890625,-80.840087890625,114.08432006835938,-114.08432006835938,37.979461669921875,-37.979461669921875,21.7601318359375,-21.7601318359375,41.01202392578125,-41.01202392578125,6.798553466796875,-6.798553466796875,12.897796630859375,-12.897796630859375,31.64263916015625,31.64263916015625,82.80194091796875,82.80194091796875
2025-01-13,106.08454513549805,19293.499464055818,48.99644343058268,-162.79611206054688,389.2115287780762,108.44129308064778,-75.7699966430664,509.1300048828125,194.01050567626953,194.01050567626953,168.17962646484375,168.17962646484375,173.20263671875,173.20263671875,161.96768188476562,161.96768188476562,172.38565063476562,172.38565063476562,254.62108612060547,254.62108612060547,389.2115287780762,389.2115287780762,109.0899658203125,109.0899658203125,36.26678466796875,-36.26678466796875,37.90086364746094,37.90086364746094,45.250389099121094,45.250389099121094,17.366710662841797,17.366710662841797,119.2742691040039,119.2742691040039,18.510948181152344,18.510948181152344,18.48095703125,-18.48095703125,133.82052612304688,-133.82052612304688,162.79611206054688,-162.79611206054688,73.21267700195312,-73.21267700195312,37.139068603515625,-37.139068603515625,36.198760986328125,-36.198760986328125,11.209259033203125,-11.209259033203125,58.6063232421875,-58.6063232421875,54.3626708984375,-54.3626708984375,62.964080810546875,-62.964080810546875
2025-01-14,221.8421001036962,60022.1046823733,74.35132658481598,-242.31277465820312,439.03196716308594,178.12147772312164,-80.0,461.69000244140625,58.2218017578125,-58.2218017578125,129.91893005371094,-129.91893005371094,169.07228088378906,-169.07228088378906,193.59930419921875,-193.59930419921875,232.2068634033203,-232.2068634033203,192.45986938476562,-192.45986938476562,87.8262939453125,-87.8262939453125,178.9832763671875,-178.9832763671875,242.31277465820312,-242.31277465820312,224.37916564941406,-224.37916564941406,60.908721923828125,-60.908721923828125,101.88216781616211,101.88216781616211,117.62826538085938,117.62826538085938,154.259033203125,154.259033203125,266.8170471191406,266.8170471191406,271.3329725265503,271.3329725265503,162.71176147460938,162.71176147460938,292.0082702636719,292.0082702636719,333.97432708740234,333.97432708740234,341.0442810058594,341.0442810058594,350.51631927490234,350.51631927490234,336.68101501464844,336.68101501464844,439.03196716308594,439.03196716308594,386.4336929321289,386.4336929321289
2025-01-15,112.20215924580891,16370.287015267619,-100.84499041239421,-267.9541778564453,95.97647094726562,159.37976455688477,121.94000244140625,472.0199890136719,52.579254150390625,-52.579254150390625,95.26387023925781,-95.26387023925781,81.10768127441406,-81.10768127441406,87.48182678222656,-87.48182678222656,63.16064453125,-63.16064453125,46.878173828125,-46.878173828125,49.840606689453125,-49.840606689453125,101.19528198242188,-101.19528198242188,138.54031372070312,-138.54031372070312,186.81320190429688,-186.81320190429688,161.50021362304688,-161.50021362304688,172.01222229003906,-172.01222229003906,141.99417114257812,-141.99417114257812,143.7145233154297,-143.7145233154297,183.81578063964844,-183.81578063964844,213.2110137939453,-213.2110137939453,267.9541778564453,-267.9541778564453,140.82098388671875,-140.82098388671875,87.08282470703125,-87.08282470703125,73.06048583984375,-73.06048583984375,47.333038330078125,-47.333038330078125,21.20550537109375,-21.20550537109375,40.30955505371094,40.30955505371094,95.97647094726562,95.97647094726562
2025-01-16,89.98475148280461,12677.973750416835,-23.8864923119545,-188.43359375,201.7552032470703,115.39075924952824,-80.0,491.57000732421875,10.385147094726562,-10.385147094726562,31.558425903320312,-31.558425903320312,17.729293823242188,-17.729293823242188,10.953018188476562,10.953018188476562,14.358489990234375,14.358489990234375,17.154205322265625,17.154205322265625,25.104248046875,25.104248046875,33.8699951171875,-33.8699951171875,57.483154296875,-57.483154296875,25.711639404296875,25.711639404296875,140.13103485107422,140.13103485107422,163.8307785987854,163.8307785987854,201.7552032470703,201.7552032470703,171.85876083374023,171.85876083374023,22.321731567382812,22.321731567382812,160.62876892089844,-160.62876892089844,146.32235717773438,-146.32235717773438,107.86648559570312,-107.86648559570312,72.80572509765625,-72.80572509765625,95.35446166992188,-95.35446166992188,91.38198852539062,-91.38198852539062,176.23709106445312,-176.23709106445312,176.3984375,-176.3984375,188.43359375,-188.43359375
2025-01-17,61.64189020792643,5084.40032313523,10.385308583577475,-124.28001403808594,108.95498657226562,41.85169919331869,84.5999984741211,351.1600036621094,77.30462646484375,77.30462646484375,4.444793701171875,4.444793701171875,39.78497314453125,39.78497314453125,0.831298828125,0.831298828125,11.383453369140625,11.383453369140625,29.809967041015625,29.809967041015625,50.889678955078125,50.889678955078125,3.746673583984375,3.746673583984375,100.25796508789062,-100.25796508789062,124.28001403808594,-124.28001403808594,82.13505554199219,-82.13505554199219,75.38230895996094,-75.38230895996094,46.40483856201172,-46.40483856201172,55.48406219482422,-55.48406219482422,78.87127685546875,-78.87127685546875,52.263458251953125,-52.263458251953125,13.05145263671875,13.05145263671875,67.88018798828125,67.88018798828125,104.18338012695312,104.18338012695312,108.95498657226562,108.95498657226562,87.0721435546875,87.0721435546875,99.85482788085938,99.85482788085938,86.01934814453125,86.01934814453125,79.11459350585938,79.11459350585938
2025-01-18,85.93906768163045,10381.110804582628,-28.176077047983807,-144.24476623535156,271.46777725219727,68.97650321324666,55.40999984741211,418.6700134277344,92.60597229003906,92.60597229003906,107.5665283203125,107.5665283203125,51.43687438964844,51.43687438964844,46.852935791015625,46.852935791015625,25.87481689453125,25.87481689453125,97.35098266601562,97.35098266601562,271.46777725219727,271.46777725219727,15.05731201171875,-15.05731201171875,97.70205688476562,-97.70205688476562,102.98617553710938,-102.98617553710938,117.06289672851562,-117.06289672851562,142.66319274902344,-142.66319274902344,125.2739028930664,-125.2739028930664,119.44961547851562,-119.44961547851562,79.31541442871094,-79.31541442871094,144.24476623535156,-144.24476623535156,102.11846923828125,-102.11846923828125,49.963134765625,-49.963134765625,14.82830810546875,-14.82830810546875,38.390625,-38.390625,17.904052734375,-17.904052734375,55.5279541015625,-55.5279541015625,70.950927734375,-70.950927734375,75.94293212890625,-75.94293212890625
2025-01-19,66.15902479489644,6885.514168361801,7.287812789281209,-93.19705200195312,177.8553237915039,99.05391462643941,-80.51000213623047,378.510009765625,21.915313720703125,21.915313720703125,35.309051513671875,-35.309051513671875,49.4769287109375,-49.4769287109375,37.640106201171875,-37.640106201171875,67.22372436523438,-67.22372436523438,69.97796630859375,-69.97796630859375,25.892425537109375,-25.892425537109375,44.7833251953125,-44.7833251953125,93.19705200195312,-93.19705200195312,70.17167663574219,-70.17167663574219,130.21289253234863,130.21289253234863,168.40166473388672,168.40166473388672,173.00032806396484,173.00032806396484,177.8553237915039,177.8553237915039,123.21764755249023,123.21764755249023,47.734130859375,-47.734130859375,52.0369873046875,-52.0369873046875,20.574859619140625,20.574859619140625,14.803192138671875,14.803192138671875,38.093170166015625,38.093170166015625,13.28765869140625,13.28765869140625,25.883575439453125,-25.883575439453125,34.126861572265625,-34.126861572265625,53.000732421875,-53.000732421875
2025-01-20,56.273815631866455,4829.9000633442465,9.240901152292887,-104.802978515625,152.44461059570312,66.02550490697224,-80.0,412.3599853515625,43.220794677734375,43.220794677734375,13.480072021484375,-13.480072021484375,10.4012451171875,-10.4012451171875,29.650115966796875,-29.650115966796875,43.19757080078125,-43.19757080078125,40.412078857421875,-40.412078857421875,5.6942138671875,-5.6942138671875,56.1259765625,-56.1259765625,95.687744140625,-95.687744140625,91.93864440917969,-91.93864440917969,90.42354202270508,90.42354202270508,138.87879180908203,138.87879180908203,152.44461059570312,152.44461059570312,117.76290893554688,117.76290893554688,31.98779296875,31.98779296875,104.802978515625,-104.802978515625,57.39501953125,-57.39501953125,15.60931396484375,-15.60931396484375,26.14013671875,26.14013671875,48.97979736328125,48.97979736328125,50.09173583984375,50.09173583984375,32.9713134765625,32.9713134765625,12.920745849609375,12.920745849609375,40.35443115234375,40.35443115234375
2025-01-21,66.3719441095988,7004.935734740655,-24.015313784281414,-175.30496215820312,147.93545532226562,86.02494462331136,-80.0,436.5799865722656,15.930450439453125,15.930450439453125,3.684112548828125,3.684112548828125,18.811614990234375,-18.811614990234375,23.766845703125,-23.766845703125,39.192108154296875,-39.192108154296875,36.976837158203125,-36.976837158203125,51.380279541015625,-51.380279541015625,105.2659912109375,-105.2659912109375,155.226318359375,-155.226318359375,58.33985900878906,-58.33985900878906,92.02791595458984,92.02791595458984,147.93545532226562,147.93545532226562,108.09378051757812,108.09378051757812,140.60784912109375,140.60784912109375,20.565200805664062,-20.565200805664062,175.30496215820312,-175.30496215820312,130.8681640625,-130.8681640625,71.48446655273438,-71.48446655273438,36.09271240234375,-36.09271240234375,40.723388671875,-40.723388671875,13.386260986328125,-13.386260986328125,42.179229736328125,-42.179229736328125,49.4539794921875,-49.4539794921875,15.628875732421875,-15.628875732421875
2025-01-22,62.283631006876625,4705.0366704936505,3.0862598419189453,-131.72767639160156,78.4451904296875,54.00198618570963,181.24000549316406,329.6300048828125,56.03570556640625,56.03570556640625,49.28564453125,49.28564453125,51.09783935546875,51.09783935546875,29.5450439453125,29.5450439453125,30.8568115234375,30.8568115234375,60.112548828125,60.112548828125,72.01528930664062,72.01528930664062,63.410797119140625,63.410797119140625,35.399871826171875,-35.399871826171875,88.52400207519531,-88.52400207519531,131.72767639160156,-131.72767639160156,99.48918151855469,-99.48918151855469,120.72868347167969,-120.72868347167969,95.98890686035156,-95.98890686035156,67.19102478027344,-67.19102478027344,71.31910705566406,-71.31910705566406,10.9127197265625,10.9127197265625,31.402130126953125,31.402130126953125,63.120330810546875,63.120330810546875,56.561614990234375,56.561614990234375,78.4451904296875,78.4451904296875,48.2669677734375,48.2669677734375,34.015380859375,34.015380859375,49.35467529296875,49.35467529296875
2025-01-23,41.61362838745117,2905.419796874436,-11.040261586507162,-115.87077331542969,56.586639404296875,38.09814580281576,199.4199981689453,333.7799987792969,24.25018310546875,24.25018310546875,2.129669189453125,2.129669189453125,6.97119140625,6.97119140625,18.117919921875,18.117919921875,1.358245849609375,-1.358245849609375,9.70697021484375,9.70697021484375,56.586639404296875,56.586639404296875,44.59857177734375,44.59857177734375,13.028839111328125,-13.028839111328125,68.30813598632812,-68.30813598632812,102.38526916503906,-102.38526916503906,76.98674011230469,-76.98674011230469,94.76759338378906,-94.76759338378906,115.87077331542969,-115.87077331542969,99.28506469726562,-99.28506469726562,52.850616455078125,-52.850616455078125,7.005401611328125,-7.005401611328125,1.49462890625,1.49462890625,39.317169189453125,39.317169189453125,42.093292236328125,42.093292236328125,38.993011474609375,38.993011474609375,29.41082763671875,29.41082763671875,26.2535400390625,26.2535400390625,26.956787109375,26.956787109375
2025-01-24,67.50952084859212,6001.951327839682,-52.03318850199381,-142.96217346191406,73.52806091308594,45.76624552408854,215.5,368.4100036621094,65.60012817382812,-65.60012817382812,72.05819702148438,-72.05819702148438,86.29327392578125,-86.29327392578125,75.6602783203125,-75.6602783203125,65.8670654296875,-65.8670654296875,58.636871337890625,-58.636871337890625,32.95458984375,-32.95458984375,31.665130615234375,-31.665130615234375,83.67471313476562,-83.67471313476562,142.96217346191406,-142.96217346191406,132.81216430664062,-132.81216430664062,109.92529296875,-109.92529296875,110.88343811035156,-110.88343811035156,92.39692687988281,-92.39692687988281,79.06471252441406,-79.06471252441406,99.82586669921875,-99.82586669921875,92.13143920898438,-92.13143920898438,8.120819091796875,8.120819091796875,12.666839599609375,12.666839599609375,25.608917236328125,25.608917236328125,19.51416015625,19.51416015625,2.100250244140625,-2.100250244140625,46.277191162109375,46.277191162109375,73.52806091308594,73.52806091308594
2025-01-25,61.044416427612305,5565.821857199761,-46.87488619486491,-154.030517578125,78.40875244140625,50.22153091430664,242.24000549316406,395.1700134277344,23.52484130859375,-23.52484130859375,3.1312103271484375,3.1312103271484375,26.791671752929688,26.791671752929688,9.84832763671875,-9.84832763671875,14.4951171875,-14.4951171875,24.401031494140625,24.401031494140625,78.40875244140625,78.40875244140625,37.30169677734375,37.30169677734375,27.2545166015625,-27.2545166015625,20.971099853515625,-20.971099853515625,71.43278503417969,-71.43278503417969,109.74760437011719,-109.74760437011719,119.89576721191406,-119.89576721191406,121.10923767089844,-121.10923767089844,154.030517578125,-154.030517578125,131.31825256347656,-131.31825256347656,80.0848388671875,-80.0848388671875,32.46630859375,-32.46630859375,39.58001708984375,-39.58001708984375,46.331268310546875,-46.331268310546875,29.784515380859375,-29.784515380859375,72.72537231445312,-72.72537231445312,98.80841064453125,-98.80841064453125,91.62283325195312,-91.62283325195312
2025-01-26,124.15835793813069,22753.28680681674,15.344820340474447,-220.94168090820312,366.91231536865234,98.83715279897054,-17.56999969482422,455.0,15.880828857421875,-15.880828857421875,51.50640869140625,-51.50640869140625,27.866180419921875,-27.866180419921875,59.828643798828125,-59.828643798828125,54.049774169921875,-54.049774169921875,61.542724609375,-61.542724609375,25.902435302734375,-25.902435302734375,91.4476318359375,-91.4476318359375,166.34625244140625,-166.34625244140625,196.68869018554688,-196.68869018554688,220.94168090820312,-220.94168090820312,204.9570770263672,-204.9570770263672,105.03961181640625,-105.03961181640625,23.764511108398438,-23.764511108398438,59.11314392089844,59.11314392089844,122.86305236816406,122.86305236816406,142.60348510742188,142.60348510742188,107.74908447265625,107.74908447265625,117.03414916992188,117.03414916992188,188.6415557861328,188.6415557861328,124.91006469726562,124.91006469726562,169.23728942871094,169.23728942871094,274.9739990234375,274.9739990234375,366.91231536865234,366.91231536865234
2025-01-27,227.8467400074005,70927.44470583771,219.47111694018045,-50.080413818359375,420.1247863769531,184.91248377164206,-89.95999908447266,306.0199890136719,232.7381134033203,232.7381134033203,262.513427734375,262.513427734375,279.4391326904297,279.4391326904297,303.7852478027344,303.7852478027344,338.54278564453125,338.54278564453125,351.81121826171875,351.81121826171875,395.7042236328125,395.7042236328125,420.1247863769531,420.1247863769531,401.0274658203125,401.0274658203125,341.617431640625,341.617431640625,289.12188720703125,289.12188720703125,262.45909118652344,262.45909118652344,258.1440658569336,258.1440658569336,248.4862823486328,248.4862823486328,281.88719177246094,281.88719177246094,310.33624267578125,310.33624267578125,304.4865779876709,304.4865779876709,18.51593017578125,-18.51593017578125,2.82421875,-2.82421875,10.027984619140625,-10.027984619140625,8.0296630859375,-8.0296630859375,11.029266357421875,-11.029266357421875,50.080413818359375,-50.080413818359375,85.589111328125,85.589111328125
2025-01-28,227.15606705347696,58553.74132622791,21.336495876312256,-388.9566345214844,266.87376403808594,186.6724092165629,-80.5,689.0,144.19486236572266,144.19486236572266,227.06900024414062,227.06900024414062,220.26817321777344,220.26817321777344,222.44882202148438,222.44882202148438,257.0499725341797,257.0499725341797,266.87376403808594,266.87376403808594,216.3155860900879,216.3155860900879,154.2392120361328,-154.2392120361328,103.25747680664062,103.25747680664062,226.71526336669922,226.71526336669922,178.55010223388672,178.55010223388672,178.57447814941406,178.57447814941406,124.58279418945312,124.58279418945312,135.85513305664062,135.85513305664062,181.8873519897461,181.8873519897461,219.94786071777344,219.94786071777344,78.32011413574219,78.32011413574219,246.4373779296875,-246.4373779296875,349.0967102050781,-349.0967102050781,315.5968322753906,-315.5968322753906,299.715087890625,-299.715087890625,349.027099609375,-349.027099609375,366.7658996582031,-366.7658996582031,388.9566345214844,-388.9566345214844
2025-01-29,99.25514189402263,13711.98925334458,23.614441871643066,-193.68836975097656,257.60081481933594,107.14835834503174,-80.76000213623047,433.7099914550781,13.46881103515625,-13.46881103515625,8.92218017578125,-8.92218017578125,34.42535400390625,-34.42535400390625,56.064697265625,-56.064697265625,79.37149047851562,-79.37149047851562,128.8125,-128.8125,163.1810760498047,-163.1810760498047,193.68836975097656,-193.68836975097656,60.91722106933594,-60.91722106933594,145.07161712646484,145.07161712646484,166.77603149414062,166.77603149414062,114.32391357421875,114.32391357421875,128.844482421875,128.844482421875,119.65121459960938,119.65121459960938,187.00555419921875,187.00555419921875,257.60081481933594,257.60081481933594,66.07357788085938,-66.07357788085938,94.72314453125,-94.72314453125,8.03997802734375,-8.03997802734375,65.2979736328125,65.2979736328125,72.47634887695312,72.47634887695312,93.68563842773438,93.68563842773438,72.52023315429688,72.52023315429688,51.181182861328125,51.181182861328125
2025-01-30,77.99224932988484,10253.906302245096,-31.441184202829998,-251.71841430664062,98.93545532226562,83.7749285697937,-80.0,404.25,19.87750244140625,-19.87750244140625,9.610870361328125,-9.610870361328125,47.75482177734375,-47.75482177734375,70.10232543945312,-70.10232543945312,80.63845825195312,-80.63845825195312,85.43475341796875,-85.43475341796875,123.74166870117188,-123.74166870117188,211.51800537109375,-211.51800537109375,251.71841430664062,-251.71841430664062,212.06900024414062,-212.06900024414062,0.9193916320800781,0.9193916320800781,61.112640380859375,61.112640380859375,35.85687255859375,35.85687255859375,40.44927978515625,40.44927978515625,92.73233032226562,92.73233032226562,16.511199951171875,16.511199951171875,103.52908325195312,-103.52908325195312,87.15390014648438,-87.15390014648438,10.052398681640625,-10.052398681640625,59.254730224609375,59.254730224609375,98.93545532226562,98.93545532226562,68.52029418945312,68.52029418945312,61.24713134765625,61.24713134765625,23.073455810546875,23.073455810546875
2025-01-31,92.23957188924153,14774.102552138755,-45.36737950642904,-251.49253845214844,87.95364379882812,110.5761235555013,191.1999969482422,338.94000244140625,49.49578857421875,49.49578857421875,44.268341064453125,44.268341064453125,2.95074462890625,-2.95074462890625,32.031982421875,-32.031982421875,0.959747314453125,0.959747314453125,36.555511474609375,36.555511474609375,17.088714599609375,17.088714599609375,38.160552978515625,-38.160552978515625,66.86550903320312,-66.86550903320312,165.51287841796875,-165.51287841796875,205.39283752441406,-205.39283752441406,251.49253845214844,-251.49253845214844,225.93905639648438,-225.93905639648438,238.4131317138672,-238.4131317138672,214.1535186767578,-214.1535186767578,142.9308624267578,-142.9308624267578,54.13920593261719,-54.13920593261719,13.30059814453125,-13.30059814453125,34.826507568359375,34.826507568359375,87.3536376953125,87.3536376953125,85.79519653320312,85.79519653320312,42.681854248046875,42.681854248046875,75.48736572265625,75.48736572265625,87.95364379882812,87.95364379882812
2025-02-01,75.22375170389812,14358.71077676293,-52.30292193094889,-469.1399230957031,98.60296630859375,77.21455828348796,223.74000549316406,836.4099731445312,98.60296630859375,98.60296630859375,17.16290283203125,17.16290283203125,13.618896484375,13.618896484375,27.475341796875,27.475341796875,17.297149658203125,-17.297149658203125,1.32806396484375,-1.32806396484375,45.080322265625,45.080322265625,19.718902587890625,19.718902587890625,11.07611083984375,-11.07611083984375,103.86857604980469,-103.86857604980469,67.10527038574219,-67.10527038574219,137.56922912597656,-137.56922912597656,124.93263244628906,-124.93263244628906,111.95878601074219,-111.95878601074219,83.07952880859375,-83.07952880859375,48.429351806640625,-48.429351806640625,139.30709838867188,-139.30709838867188,469.1399230957031,-469.1399230957031,79.6341552734375,-79.6341552734375,2.103759765625,-2.103759765625,16.722076416015625,-16.722076416015625,99.6568603515625,-99.6568603515625,17.11151123046875,-17.11151123046875,53.390625,53.390625
2025-02-02,72.02882766723633,8178.958080112934,-33.5616823832194,-214.31112670898438,103.99554443359375,73.6572863260905,197.86000061035156,323.9200134277344,29.306884765625,29.306884765625,33.0721435546875,-33.0721435546875,43.219573974609375,-43.219573974609375,49.97331237792969,-49.97331237792969,25.1038818359375,-25.1038818359375,31.84649658203125,-31.84649658203125,1.641845703125,-1.641845703125,26.186431884765625,-26.186431884765625,67.62353515625,-67.62353515625,172.2703094482422,-172.2703094482422,166.64041137695312,-166.64041137695312,214.31112670898438,-214.31112670898438,139.4676055908203,-139.4676055908203,90.34754943847656,-90.34754943847656,121.03021240234375,-121.03021240234375,70.13104248046875,-70.13104248046875,14.22064208984375,-14.22064208984375,73.79251098632812,73.79251098632812,57.430328369140625,57.430328369140625,95.16506958007812,95.16506958007812,103.99554443359375,103.99554443359375,38.912750244140625,38.912750244140625,41.482513427734375,41.482513427734375,21.5201416015625,21.5201416015625
2025-02-03,155.72769331932068,26574.18913497253,71.79657657941182,-156.67083740234375,224.49757194519043,166.1682698726654,-82.79000091552734,505.25,59.798309326171875,59.798309326171875,110.43009948730469,110.43009948730469,170.63915252685547,170.63915252685547,182.6759490966797,182.6759490966797,185.21824645996094,185.21824645996094,205.3306884765625,205.3306884765625,216.9959602355957,216.9959602355957,31.153549194335938,31.153549194335938,224.49757194519043,224.49757194519043,217.1278839111328,217.1278839111328,174.78440856933594,174.78440856933594,161.06578063964844,161.06578063964844,140.46245574951172,140.46245574951172,165.03172302246094,165.03172302246094,181.47059631347656,181.47059631347656,220.22049713134766,220.22049713134766,83.38836669921875,83.38836669921875,149.4908447265625,-149.4908447265625,135.76467895507812,-135.76467895507812,142.71212768554688,-142.71212768554688,124.75531005859375,-124.75531005859375,156.67083740234375,-156.67083740234375,145.55767822265625,-145.55767822265625,152.221923828125,-152.221923828125
2025-02-04,73.61992494265239,8896.303750405625,-27.63980762163798,-215.13742065429688,110.51261520385742,116.80856426556905,-80.41000366210938,510.8399963378906,0.920806884765625,-0.920806884765625,57.468719482421875,-57.468719482421875,49.055450439453125,-49.055450439453125,62.230224609375,-62.230224609375,85.53854370117188,-85.53854370117188,115.346923828125,-115.346923828125,92.23834228515625,-92.23834228515625,215.13742065429688,-215.13742065429688,202.5159912109375,-202.5159912109375,81.34355735778809,81.34355735778809,100.38909149169922,100.38909149169922,79.62045288085938,79.62045288085938,31.754119873046875,31.754119873046875,34.830078125,34.830078125,104.02481079101562,104.02481079101562,110.51261520385742,110.51261520385742,155.475341796875,-155.475341796875,115.81924438476562,-115.81924438476562,11.083770751953125,-11.083770751953125,4.945068359375,4.945068359375,4.34161376953125,4.34161376953125,9.57183837890625,-9.57183837890625,36.45220947265625,-36.45220947265625,6.261962890625,-6.261962890625
2025-02-05,197.9609473546346,57744.6572605707,96.65843677520752,-321.0108642578125,447.82733154296875,194.32000255584717,-81.81999969482422,645.010009765625,23.2564697265625,23.2564697265625,221.71142578125,221.71142578125,423.9480285644531,423.9480285644531,410.3746032714844,410.3746032714844,393.9033508300781,393.9033508300781,414.06988525390625,414.06988525390625,447.82733154296875,447.82733154296875,91.13536071777344,91.13536071777344,273.6007537841797,273.6007537841797,178.3269271850586,178.3269271850586,116.38871002197266,116.38871002197266,76.3114242553711,76.3114242553711,75.2442855834961,75.2442855834961,51.46086883544922,51.46086883544922,125.03734588623047,125.03734588623047,212.8358383178711,212.8358383178711,47.84967041015625,-47.84967041015625,321.0108642578125,-321.0108642578125,255.7349853515625,-255.7349853515625,171.02984619140625,-171.02984619140625,172.70947265625,-172.70947265625,137.23388671875,-137.23388671875,91.00579833984375,-91.00579833984375,19.05560302734375,-19.05560302734375
2025-02-06,144.57261482874551,34931.074417212614,47.20775429407755,-298.4445495605469,503.69841384887695,110.38757848739624,-80.55999755859375,721.2100219726562,32.173370361328125,32.173370361328125,30.619354248046875,30.619354248046875,28.040435791015625,-28.040435791015625,57.154266357421875,-57.154266357421875,64.12411499023438,-64.12411499023438,37.41094970703125,-37.41094970703125,101.87664794921875,-101.87664794921875,227.03599548339844,-227.03599548339844,98.73307800292969,-98.73307800292969,155.0262451171875,155.0262451171875,160.68728637695312,160.68728637695312,123.84278869628906,123.84278869628906,93.58642578125,93.58642578125,78.9947509765625,78.9947509765625,149.57937622070312,149.57937622070312,179.57626342773438,179.57626342773438,243.26666259765625,-243.26666259765625,298.4445495605469,-298.4445495605469,12.2916259765625,-12.2916259765625,128.31744384765625,128.31744384765625,95.97238159179688,95.97238159179688,161.1689453125,161.1689453125,408.1213836669922,408.1213836669922,503.69841384887695,503.69841384887695
2025-02-07,191.2002111275991,41771.335621800295,51.2401815255483,-268.370361328125,318.0394287109375,77.75841514269511,-80.19999694824219,627.8599853515625,207.62305450439453,207.62305450439453,186.14144897460938,186.14144897460938,191.56585693359375,191.56585693359375,232.88776397705078,232.88776397705078,236.37261962890625,236.37261962890625,318.0394287109375,318.0394287109375,308.4436569213867,308.4436569213867,59.62493896484375,-59.62493896484375,159.9727077484131,159.9727077484131,152.54125213623047,152.54125213623047,178.15833282470703,178.15833282470703,101.31883239746094,101.31883239746094,86.68763732910156,86.68763732910156,116.29551696777344,116.29551696777344,161.1218032836914,161.1218032836914,244.22667694091797,244.22667694091797,27.88812255859375,27.88812255859375,268.370361328125,-268.370361328125,232.46456909179688,-232.46456909179688,184.00851440429688,-184.00851440429688,209.24588012695312,-209.24588012695312,229.4554443359375,-229.4554443359375,260.027587890625,-260.027587890625,236.32305908203125,-236.32305908203125
2025-02-08,58.96073977152506,5657.8157401882245,-25.973493576049805,-198.36471557617188,87.8485107421875,86.09967422485352,-80.0,510.9200134277344,70.35086059570312,70.35086059570312,15.168182373046875,-15.168182373046875,28.020172119140625,-28.020172119140625,46.41166687011719,-46.41166687011719,65.6102294921875,-65.6102294921875,37.792327880859375,-37.792327880859375,51.879150390625,-51.879150390625,153.67874145507812,-153.67874145507812,198.36471557617188,-198.36471557617188,97.42356872558594,-97.42356872558594,73.39041137695312,73.39041137695312,64.83432006835938,64.83432006835938,0.263031005859375,0.263031005859375,24.176025390625,24.176025390625,87.8485107421875,87.8485107421875,108.68217468261719,-108.68217468261719,88.73861694335938,-88.73861694335938,77.12057495117188,-77.12057495117188,20.9871826171875,-20.9871826171875,36.04925537109375,36.04925537109375,31.007080078125,31.007080078125,20.480438232421875,-20.480438232421875,7.927459716796875,7.927459716796875,8.853057861328125,-8.853057861328125
2025-02-09,43.18006340662638,3195.5630019855193,-18.89785687128703,-130.1612091064453,77.94454956054688,90.78457276026408,-80.41999816894531,413.6300048828125,1.41192626953125,-1.41192626953125,42.561004638671875,-42.561004638671875,62.65936279296875,-62.65936279296875,73.51107788085938,-73.51107788085938,98.15289306640625,-98.15289306640625,33.170196533203125,-33.170196533203125,38.0745849609375,-38.0745849609375,87.52896118164062,-87.52896118164062,130.1612091064453,-130.1612091064453,9.71401596069336,9.71401596069336,36.329612731933594,36.329612731933594,14.304611206054688,-14.304611206054688,17.533432006835938,-17.533432006835938,6.6085662841796875,6.6085662841796875,77.94454956054688,77.94454956054688,61.4122314453125,61.4122314453125,117.17922973632812,-117.17922973632812,27.353729248046875,-27.353729248046875,2.541961669921875,2.541961669921875,26.9444580078125,26.9444580078125,21.65625,21.65625,17.033905029296875,17.033905029296875,1.33282470703125,-1.33282470703125,31.200927734375,31.200927734375
2025-02-10,62.49506330490112,6540.937610258142,-30.26084311803182,-193.23806762695312,73.49576950073242,72.29603656133015,-80.05999755859375,564.030029296875,57.186553955078125,57.186553955078125,14.038970947265625,14.038970947265625,6.803375244140625,6.803375244140625,5.2662353515625,-5.2662353515625,18.50653076171875,-18.50653076171875,9.28045654296875,-9.28045654296875,41.57269287109375,-41.57269287109375,150.51644897460938,-150.51644897460938,134.46221923828125,-134.46221923828125,73.49576950073242,73.49576950073242,73.18218994140625,73.18218994140625,31.24755859375,31.24755859375,23.789398193359375,-23.789398193359375,31.79180908203125,-31.79180908203125,59.927452087402344,59.927452087402344,86.29429626464844,-86.29429626464844,193.23806762695312,-193.23806762695312,159.03707885742188,-159.03707885742188,108.14456176757812,-108.14456176757812,63.725341796875,-63.725341796875,28.4837646484375,-28.4837646484375,58.96197509765625,-58.96197509765625,13.021484375,13.021484375,57.90728759765625,57.90728759765625
2025-02-11,146.71136601765951,32727.805313331966,-52.40155919392904,-372.53875732421875,198.81466674804688,132.2192465464274,155.47000122070312,413.6099853515625,198.81466674804688,198.81466674804688,122.33148193359375,122.33148193359375,110.79202270507812,110.79202270507812,106.69586181640625,106.69586181640625,117.1956787109375,117.1956787109375,169.23590087890625,169.23590087890625,135.66787719726562,135.66787719726562,36.929473876953125,36.929473876953125,113.26951599121094,-113.26951599121094,221.20101928710938,-221.20101928710938,251.6272430419922,-251.6272430419922,275.65794372558594,-275.65794372558594,267.1455993652344,-267.1455993652344,364.78546142578125,-364.78546142578125,372.53875732421875,-372.53875732421875,271.99269104003906,-271.99269104003906,131.74551391601562,-131.74551391601562,28.839263916015625,28.839263916015625,35.316131591796875,35.316131591796875,39.36505126953125,39.36505126953125,30.534271240234375,30.534271240234375,29.7286376953125,-29.7286376953125,38.275665283203125,-38.275665283203125,51.387054443359375,-51.387054443359375
2025-02-12,153.54093853632608,30226.975681740278,74.68080059687297,-135.40927124023438,356.2635040283203,201.4037969907125,-81.02999877929688,514.9000244140625,84.95126342773438,-84.95126342773438,132.67910766601562,-132.67910766601562,99.64901733398438,-99.64901733398438,50.88006591796875,50.88006591796875,159.99129486083984,159.99129486083984,205.9770622253418,205.9770622253418,283.6839599609375,283.6839599609375,83.57168579101562,83.57168579101562,178.43511962890625,178.43511962890625,256.18572998046875,256.18572998046875,237.26565551757812,237.26565551757812,166.46572875976562,166.46572875976562,151.8408203125,151.8408203125,160.6589126586914,160.6589126586914,294.17152404785156,294.17152404785156,356.2635040283203,356.2635040283203,153.26980590820312,153.26980590820312,75.05999755859375,-75.05999755859375,54.2506103515625,-54.2506103515625,33.10052490234375,-33.10052490234375,93.3619384765625,-93.3619384765625,135.40927124023438,-135.40927124023438,131.478271484375,-131.478271484375,106.38165283203125,-106.38165283203125
2025-02-13,132.6414579550425,32661.52013899157,97.49522026379903,-115.17767333984375,369.4177551269531,132.2953129609426,-80.61000061035156,522.2000122070312,58.3707275390625,58.3707275390625,174.05563354492188,174.05563354492188,300.4344081878662,300.4344081878662,341.04058837890625,341.04058837890625,364.6717758178711,364.6717758178711,369.4177551269531,369.4177551269531,316.54969787597656,316.54969787597656,59.851043701171875,59.851043701171875,200.1302604675293,200.1302604675293,112.55171203613281,112.55171203613281,60.5423583984375,60.5423583984375,12.047470092773438,12.047470092773438,1.8942413330078125,1.8942413330078125,10.781570434570312,10.781570434570312,110.4998550415039,110.4998550415039,259.69651794433594,259.69651794433594,115.17767333984375,-115.17767333984375,100.48501586914062,-100.48501586914062,63.80902099609375,-63.80902099609375,52.7076416015625,-52.7076416015625,37.97027587890625,-37.97027587890625,48.070953369140625,-48.070953369140625,9.104522705078125,9.104522705078125,3.534271240234375,-3.534271240234375
2025-02-14,84.21875198682149,12394.612048406736,-55.89198613166809,-270.9812927246094,100.17233276367188,112.9750595887502,-82.81999969482422,483.92999267578125,35.48199462890625,35.48199462890625,52.98039245605469,-52.98039245605469,91.42071533203125,-91.42071533203125,79.89651489257812,-79.89651489257812,134.3242645263672,-134.3242645263672,175.3172149658203,-175.3172149658203,163.95758056640625,-163.95758056640625,244.92684936523438,-244.92684936523438,270.9812927246094,-270.9812927246094,78.07640838623047,-78.07640838623047,3.7938156127929688,3.7938156127929688,21.010719299316406,-21.010719299316406,32.75922393798828,-32.75922393798828,11.493659973144531,-11.493659973144531,14.328332901000977,14.328332901000977,159.27578735351562,-159.27578735351562,123.24945068359375,-123.24945068359375,41.658782958984375,-41.658782958984375,7.272186279296875,7.272186279296875,14.824188232421875,14.824188232421875,57.7352294921875,57.7352294921875,49.056640625,49.056640625,57.2564697265625,57.2564697265625,100.17233276367188,100.17233276367188
2025-02-15,80.74382400512695,8422.123909445703,31.00677744547526,-138.793212890625,177.7853546142578,59.20450782775879,-80.20999908447266,499.2099914550781,177.7853546142578,177.7853546142578,120.32411193847656,120.32411193847656,105.11091613769531,105.11091613769531,76.14045715332031,76.14045715332031,57.410400390625,57.410400390625,72.92916870117188,72.92916870117188,29.4171142578125,29.4171142578125,65.22366333007812,-65.22366333007812,11.580917358398438,-11.580917358398438,174.67115020751953,174.67115020751953,117.70832824707031,117.70832824707031,79.41053009033203,79.41053009033203,56.870765686035156,56.870765686035156,77.6346206665039,77.6346206665039,129.62841796875,129.62841796875,65.96588134765625,65.96588134765625,138.793212890625,-138.793212890625,90.29641723632812,-90.29641723632812,32.447418212890625,-32.447418212890625,20.048980712890625,-20.048980712890625,40.481903076171875,-40.481903076171875,46.2177734375,-46.2177734375,69.45571899414062,-69.45571899414062,82.29855346679688,-82.29855346679688
2025-02-16,209.5284948348999,58013.51674679535,93.32667191823323,-235.413330078125,431.0528869628906,247.4940538406372,-83.77999877929688,615.530029296875,44.66583251953125,44.66583251953125,126.46426391601562,126.46426391601562,243.19456481933594,243.19456481933594,398.34827423095703,398.34827423095703,374.4405212402344,374.4405212402344,393.5228271484375,393.5228271484375,431.0528869628906,431.0528869628906,404.0953674316406,404.0953674316406,306.5553207397461,306.5553207397461,170.5662384033203,170.5662384033203,104.63414764404297,104.63414764404297,75.22489929199219,75.22489929199219,37.468109130859375,37.468109130859375,23.561119079589844,23.561119079589844,146.19741821289062,146.19741821289062,226.35321807861328,226.35321807861328,127.9169921875,127.9169921875,216.0672607421875,-216.0672607421875,235.413330078125,-235.413330078125,167.24786376953125,-167.24786376953125,167.65576171875,-167.65576171875,205.02874755859375,-205.02874755859375,213.92727661132812,-213.92727661132812,189.08163452148438,-189.08163452148438
2025-02-17,60.474294662475586,5138.978360686208,9.831046422322592,-145.98687744140625,135.861083984375,97.76610501607259,-80.0,500.760009765625,21.72265625,-21.72265625,62.28948974609375,-62.28948974609375,55.268310546875,-55.268310546875,30.654205322265625,-30.654205322265625,50.728302001953125,-50.728302001953125,96.90715026855469,96.90715026855469,11.606277465820312,-11.606277465820312,123.30682373046875,-123.30682373046875,3.20513916015625,-3.20513916015625,100.44229125976562,100.44229125976562,93.18313598632812,93.18313598632812,58.597900390625,58.597900390625,54.0660400390625,54.0660400390625,56.814910888671875,56.814910888671875,135.861083984375,135.861083984375,47.27055358886719,47.27055358886719,145.98687744140625,-145.98687744140625,60.561920166015625,-60.561920166015625,33.93048095703125,33.93048095703125,92.1165771484375,92.1165771484375,13.46728515625,13.46728515625,39.734283447265625,39.734283447265625,21.27239990234375,21.27239990234375,42.38897705078125,-42.38897705078125
2025-02-18,94.1829948425293,12980.317046929,-34.72237777709961,-262.79315185546875,126.583984375,69.61588541666667,73.38999938964844,349.32000732421875,87.90365600585938,87.90365600585938,3.266998291015625,3.266998291015625,18.85626220703125,-18.85626220703125,56.98406982421875,-56.98406982421875,82.53533935546875,-82.53533935546875,75.27011108398438,-75.27011108398438,45.881500244140625,-45.881500244140625,115.83067321777344,-115.83067321777344,192.76492309570312,-192.76492309570312,262.79315185546875,-262.79315185546875,213.56423950195312,-213.56423950195312,168.85515594482422,-168.85515594482422,122.55543518066406,-122.55543518066406,126.70603942871094,-126.70603942871094,30.19690704345703,-30.19690704345703,29.860336303710938,-29.860336303710938,4.2103271484375,-4.2103271484375,79.42147827148438,79.42147827148438,84.282958984375,84.282958984375,117.72564697265625,117.72564697265625,126.583984375,126.583984375,85.65005493164062,85.65005493164062,59.83062744140625,59.83062744140625,68.86199951171875,68.86199951171875
2025-02-19,55.36494183540344,5121.190022533028,-26.724966128667194,-170.08209228515625,75.697998046875,71.73391270637512,-80.0,377.7200012207031,40.52490234375,40.52490234375,0.669830322265625,-0.669830322265625,60.3448486328125,-60.3448486328125,54.727569580078125,-54.727569580078125,53.75201416015625,-53.75201416015625,27.82611083984375,-27.82611083984375,55.503814697265625,-55.503814697265625,98.92498779296875,-98.92498779296875,121.68504333496094,-121.68504333496094,95.27957153320312,-95.27957153320312,63.478139877319336,63.478139877319336,75.697998046875,75.697998046875,63.672698974609375,63.672698974609375,55.722137451171875,55.722137451171875,59.43756866455078,-59.43756866455078,170.08209228515625,-170.08209228515625,152.5155792236328,-152.5155792236328,21.201263427734375,-21.201263427734375,1.0372314453125,1.0372314453125,8.357818603515625,-8.357818603515625,28.46234130859375,28.46234130859375,1.086456298828125,-1.086456298828125,15.084259033203125,15.084259033203125,3.684326171875,-3.684326171875
2025-02-20,92.67408816019694,12755.372999646477,-28.485720952351887,-223.13075256347656,110.5899658203125,58.86604754130045,103.36000061035156,372.92999267578125,103.35830688476562,103.35830688476562,49.032989501953125,49.032989501953125,17.05645751953125,17.05645751953125,18.061492919921875,-18.061492919921875,15.822540283203125,-15.822540283203125,13.07135009765625,13.07135009765625,8.912567138671875,8.912567138671875,59.150146484375,-59.150146484375,110.59159851074219,-110.59159851074219,193.70770263671875,-193.70770263671875,223.13075256347656,-223.13075256347656,181.08392333984375,-181.08392333984375,154.1553192138672,-154.1553192138672,202.47984313964844,-202.47984313964844,159.7024688720703,-159.7024688720703,125.95697021484375,-125.95697021484375,10.074951171875,-10.074951171875,73.94528198242188,73.94528198242188,94.49911499023438,94.49911499023438,98.08981323242188,98.08981323242188,110.5899658203125,110.5899658203125,62.917022705078125,62.917022705078125,66.18569946289062,66.18569946289062,72.60183715820312,72.60183715820312
2025-02-21,99.0442320505778,17135.701977232948,-43.651333491007485,-270.76409912109375,93.595703125,48.29574203491211,280.3599853515625,391.4100036621094,54.145538330078125,54.145538330078125,18.456329345703125,18.456329345703125,35.2672119140625,35.2672119140625,24.559326171875,24.559326171875,3.186309814453125,3.186309814453125,27.49835205078125,27.49835205078125,62.25872802734375,62.25872802734375,57.04669189453125,-57.04669189453125,130.53610229492188,-130.53610229492188,164.82205200195312,-164.82205200195312,251.389404296875,-251.389404296875,247.68655395507812,-247.68655395507812,270.3837585449219,-270.3837585449219,270.76409912109375,-270.76409912109375,194.8387451171875,-194.8387451171875,124.87937927246094,-124.87937927246094,11.26727294921875,11.26727294921875,24.45806884765625,24.45806884765625,53.992340087890625,53.992340087890625,93.595703125,93.595703125,87.1505126953125,87.1505126953125,54.782470703125,54.782470703125,55.30084228515625,55.30084228515625,58.7957763671875,58.7957763671875
2025-02-22,55.23173141479492,6501.132153736214,-41.459580739339195,-164.8903350830078,38.985504150390625,31.942471186319988,226.08999633789062,346.7099914550781,30.550018310546875,30.550018310546875,12.6043701171875,-12.6043701171875,6.37652587890625,6.37652587890625,8.873779296875,-8.873779296875,5.5421142578125,5.5421142578125,24.1981201171875,24.1981201171875,38.985504150390625,38.985504150390625,3.139190673828125,-3.139190673828125,87.72442626953125,-87.72442626953125,147.91207885742188,-147.91207885742188,164.8903350830078,-164.8903350830078,150.83218383789062,-150.83218383789062,130.61231994628906,-130.61231994628906,137.93911743164062,-137.93911743164062,155.7877197265625,-155.7877197265625,89.6802978515625,-89.6802978515625,62.42694091796875,-62.42694091796875,19.240264892578125,19.240264892578125,8.70318603515625,8.70318603515625,11.574798583984375,11.574798583984375,14.1085205078125,14.1085205078125,1.21490478515625,-1.21490478515625,5.98675537109375,5.98675537109375,6.6580810546875,-6.6580810546875
2025-02-23,162.85934193929037,32561.11381106666,14.804712931315104,-200.26510620117188,322.6930465698242,192.196683883667,-100.0,489.95001220703125,162.81103515625,-162.81103515625,200.26510620117188,-200.26510620117188,177.05899047851562,-177.05899047851562,147.582275390625,-147.582275390625,99.78152465820312,-99.78152465820312,56.78033447265625,-56.78033447265625,25.052764892578125,-25.052764892578125,61.065643310546875,-61.065643310546875,206.4925765991211,206.4925765991211,261.7010040283203,261.7010040283203,254.7820281982422,254.7820281982422,235.85841369628906,235.85841369628906,239.79837036132812,239.79837036132812,248.58038330078125,248.58038330078125,280.4216613769531,280.4216613769531,322.6930465698242,322.6930465698242,81.64117431640625,81.64117431640625,111.08071899414062,-111.08071899414062,115.88302612304688,-115.88302612304688,106.7698974609375,-106.7698974609375,105.34033203125,-105.34033203125,144.51815795898438,-144.51815795898438,122.91009521484375,-122.91009521484375,139.75564575195312,-139.75564575195312
2025-02-24,110.02562739451726,21910.38426344789,85.62118047475815,-142.07608032226562,362.29238748550415,100.76754659414291,-80.0,431.7799987792969,22.1202392578125,22.1202392578125,15.809112548828125,15.809112548828125,3.55615234375,3.55615234375,15.998779296875,-15.998779296875,10.990509033203125,10.990509033203125,15.218780517578125,-15.218780517578125,52.786407470703125,-52.786407470703125,142.07608032226562,-142.07608032226562,63.53082275390625,63.53082275390625,186.9521942138672,186.9521942138672,132.3468017578125,132.3468017578125,119.5279541015625,119.5279541015625,118.98123168945312,118.98123168945312,116.64218139648438,116.64218139648438,182.3518829345703,182.3518829345703,268.8920440673828,268.8920440673828,18.438323974609375,-18.438323974609375,48.334991455078125,-48.334991455078125,0.57830810546875,0.57830810546875,68.58596801757812,68.58596801757812,174.33470153808594,174.33470153808594,209.84576416015625,209.84576416015625,290.4234390258789,290.4234390258789,362.29238748550415,362.29238748550415
2025-02-25,197.86216823259988,47025.9483156619,49.87851039568583,-297.90899658203125,356.50238037109375,108.70782685279846,-80.05999755859375,592.7999877929688,222.3944091796875,222.3944091796875,251.6566925048828,251.6566925048828,244.16951751708984,244.16951751708984,275.9011688232422,275.9011688232422,321.8345718383789,321.8345718383789,356.50238037109375,356.50238037109375,197.98200225830078,197.98200225830078,46.715667724609375,46.715667724609375,202.86950492858887,202.86950492858887,158.00616455078125,158.00616455078125,97.58392333984375,97.58392333984375,72.5390853881836,72.5390853881836,55.993896484375,55.993896484375,82.80772399902344,82.80772399902344,125.7426986694336,125.7426986694336,202.7946319580078,202.7946319580078,57.39410400390625,57.39410400390625,255.2822265625,-255.2822265625,250.6201171875,-250.6201171875,238.67300415039062,-238.67300415039062,205.77325439453125,-205.77325439453125,234.4271240234375,-234.4271240234375,293.1191711425781,-293.1191711425781,297.90899658203125,-297.90899658203125
2025-02-26,177.95752875010172,36602.26185807089,15.388136863708496,-280.37921142578125,274.1545104980469,172.44055143992105,-80.36000061035156,562.530029296875,112.2257080078125,-112.2257080078125,192.1644287109375,-192.1644287109375,250.64157104492188,-250.64157104492188,239.93942260742188,-239.93942260742188,265.91497802734375,-265.91497802734375,250.85440063476562,-250.85440063476562,248.80938720703125,-248.80938720703125,280.37921142578125,-280.37921142578125,109.90359497070312,-109.90359497070312,175.79984283447266,175.79984283447266,171.96812438964844,171.96812438964844,119.79845428466797,119.79845428466797,93.30232238769531,93.30232238769531,93.86073303222656,93.86073303222656,160.40966033935547,160.40966033935547,215.47410583496094,215.47410583496094,97.49813842773438,97.49813842773438,12.744537353515625,12.744537353515625,116.888427734375,116.888427734375,196.27059936523438,196.27059936523438,163.560302734375,163.560302734375,180.58364868164062,180.58364868164062,274.1545104980469,274.1545104980469,247.83457946777344,247.83457946777344
2025-02-27,106.41969633102417,14816.630984276317,-8.157008330027262,-227.13958740234375,131.53849411010742,68.86442263921101,-80.5,490.0899963378906,94.67523193359375,94.67523193359375,97.65827941894531,97.65827941894531,88.89201354980469,88.89201354980469,121.68820190429688,121.68820190429688,122.44697570800781,122.44697570800781,92.41313171386719,92.41313171386719,69.91389465332031,69.91389465332031,26.311187744140625,-26.311187744140625,131.53849411010742,131.53849411010742,108.29267120361328,108.29267120361328,64.5610122680664,64.5610122680664,26.002395629882812,26.002395629882812,7.669769287109375,-7.669769287109375,5.993537902832031,5.993537902832031,32.16883087158203,32.16883087158203,122.90758514404297,122.90758514404297,204.49452209472656,-204.49452209472656,227.13958740234375,-227.13958740234375,180.69512939453125,-180.69512939453125,125.74859619140625,-125.74859619140625,117.90829467773438,-117.90829467773438,136.5987548828125,-136.5987548828125,179.39447021484375,-179.39447021484375,168.96014404296875,-168.96014404296875
2025-02-28,99.92067503929138,18400.320862216788,-45.68868215878805,-348.5819854736328,137.74339294433594,123.28792103131612,-80.0,579.3599853515625,21.5364990234375,21.5364990234375,43.9822998046875,-43.9822998046875,51.24334716796875,-51.24334716796875,91.30313110351562,-91.30313110351562,130.45330810546875,-130.45330810546875,242.07537841796875,-242.07537841796875,272.3671569824219,-272.3671569824219,348.5819854736328,-348.5819854736328,237.59230041503906,-237.59230041503906,19.2642765045166,19.2642765045166,36.73272705078125,36.73272705078125,9.901824951171875,9.901824951171875,7.226318359375,-7.226318359375,19.3818359375,-19.3818359375,43.6546630859375,43.6546630859375,137.48622131347656,-137.48622131347656,165.61900329589844,-165.61900329589844,2.861785888671875,2.861785888671875,44.741729736328125,44.741729736328125,83.09515380859375,83.09515380859375,86.65753173828125,86.65753173828125,59.29754638671875,59.29754638671875,105.29678344726562,105.29678344726562,137.74339294433594,137.74339294433594
2025-03-01,126.38807678222656,27869.381171777204,-59.66765467325846,-338.5255126953125,114.99667358398438,164.18514823913574,200.92999267578125,335.30999755859375,78.11068725585938,78.11068725585938,55.62721252441406,55.62721252441406,46.05804443359375,46.05804443359375,47.05279541015625,47.05279541015625,23.947418212890625,-23.947418212890625,50.146728515625,50.146728515625,30.192962646484375,30.192962646484375,10.29083251953125,-10.29083251953125,137.3515625,-137.3515625,276.5533142089844,-276.5533142089844,338.5255126953125,-338.5255126953125,327.2645263671875,-327.2645263671875,276.6083984375,-276.6083984375,314.99609375,-314.99609375,283.2274475097656,-283.2274475097656,180.5825958251953,-180.5825958251953,63.321075439453125,-63.321075439453125,24.829803466796875,24.829803466796875,51.36187744140625,51.36187744140625,114.99667358398438,114.99667358398438,102.42599487304688,102.42599487304688,64.80792236328125,64.80792236328125,41.82232666015625,41.82232666015625,93.2120361328125,93.2120361328125
2025-03-02,308.5930407842,110884.15150408295,202.38895829518637,-244.87142944335938,481.2862777709961,263.60708967844647,-80.0,329.8800048828125,393.00920486450195,393.00920486450195,388.28125,388.28125,382.8277587890625,382.8277587890625,379.4028625488281,379.4028625488281,376.6730651855469,376.6730651855469,400.6377258300781,400.6377258300781,452.7734375,452.7734375,369.0393943786621,369.0393943786621,20.193878173828125,20.193878173828125,150.79486083984375,-150.79486083984375,156.69566345214844,-156.69566345214844,226.94276428222656,-226.94276428222656,230.74156188964844,-230.74156188964844,244.87142944335938,-244.87142944335938,192.28024291992188,-192.28024291992188,72.12246704101562,-72.12246704101562,194.67039489746094,194.67039489746094,300.32667541503906,300.32667541503906,300.39210510253906,300.39210510253906,481.2862777709961,481.2862777709961,451.9892272949219,451.9892272949219,424.59710693359375,424.59710693359375,415.5397644042969,415.5397644042969,400.14385986328125,400.14385986328125
2025-03-03,146.42938192685446,33248.97645880463,-92.74027895927429,-321.5342712402344,199.81430435180664,78.2077648639679,-80.0,470.4599914550781,28.96868896484375,-28.96868896484375,25.756805419921875,-25.756805419921875,32.14312744140625,32.14312744140625,93.54635620117188,93.54635620117188,111.40667724609375,111.40667724609375,170.46517944335938,170.46517944335938,199.81430435180664,199.81430435180664,31.632461547851562,31.632461547851562,36.62757873535156,-36.62757873535156,76.79701232910156,-76.79701232910156,33.75868606567383,-33.75868606567383,26.612346649169922,-26.612346649169922,5.261129379272461,5.261129379272461,63.68807601928711,-63.68807601928711,171.71292114257812,-171.71292114257812,321.5342712402344,-321.5342712402344,320.78953552246094,-320.78953552246094,232.39173889160156,-232.39173889160156,223.39968872070312,-223.39968872070312,190.7044677734375,-190.7044677734375,238.34356689453125,-238.34356689453125,271.9747619628906,-271.9747619628906,297.29676818847656,-297.29676818847656,309.67901611328125,-309.67901611328125
2025-03-04,115.94845835367839,22952.98792590758,-69.40143330891927,-314.1086730957031,120.5135498046875,86.72216669718425,296.3399963378906,501.4100036621094,120.5135498046875,120.5135498046875,2.94305419921875,2.94305419921875,23.067626953125,-23.067626953125,52.31317138671875,-52.31317138671875,41.129180908203125,-41.129180908203125,55.22540283203125,-55.22540283203125,7.970611572265625,-7.970611572265625,109.41891479492188,-109.41891479492188,173.6526641845703,-173.6526641845703,237.29196166992188,-237.29196166992188,253.93853759765625,-253.93853759765625,284.7831115722656,-284.7831115722656,287.8980407714844,-287.8980407714844,314.1086730957031,-314.1086730957031,225.00453186035156,-225.00453186035156,106.4642333984375,-106.4642333984375,14.86297607421875,-14.86297607421875,37.069061279296875,-37.069061279296875,0.323638916015625,0.323638916015625,97.28619384765625,97.28619384765625,97.07492065429688,97.07492065429688,98.57992553710938,98.57992553710938,86.28598022460938,86.28598022460938,55.557037353515625,55.557037353515625
2025-03-05,42.47270099322001,3392.6201611914507,-12.60952353477478,-127.74781799316406,154.59503173828125,65.72842113176982,-80.0,349.760009765625,59.301116943359375,59.301116943359375,13.24151611328125,13.24151611328125,7.122283935546875,7.122283935546875,20.57110595703125,-20.57110595703125,28.00848388671875,-28.00848388671875,8.988067626953125,-8.988067626953125,8.133880615234375,8.133880615234375,55.148834228515625,-55.148834228515625,91.34324645996094,-91.34324645996094,127.74781799316406,-127.74781799316406,78.82972717285156,-78.82972717285156,41.2506046295166,41.2506046295166,154.59503173828125,154.59503173828125,51.08771896362305,51.08771896362305,33.275665283203125,-33.275665283203125,101.44429016113281,-101.44429016113281,21.91180419921875,-21.91180419921875,13.26861572265625,-13.26861572265625,18.875946044921875,18.875946044921875,4.750030517578125,4.750030517578125,15.3673095703125,-15.3673095703125,26.97381591796875,-26.97381591796875,25.082733154296875,-25.082733154296875,13.025177001953125,-13.025177001953125
2025-03-06,58.20268281300863,4852.531897257842,-4.163982073465983,-151.05328369140625,92.95435333251953,99.8237288792928,-85.16000366210938,385.25,20.454742431640625,20.454742431640625,14.137969970703125,-14.137969970703125,58.78814697265625,-58.78814697265625,74.96109008789062,-74.96109008789062,62.226287841796875,-62.226287841796875,55.212188720703125,-55.212188720703125,132.82913208007812,-132.82913208007812,151.05328369140625,-151.05328369140625,116.69456481933594,-116.69456481933594,84.51982879638672,84.51982879638672,48.81519317626953,48.81519317626953,7.327125549316406,7.327125549316406,1.388458251953125,-1.388458251953125,37.056800842285156,37.056800842285156,92.95435333251953,92.95435333251953,47.451629638671875,47.451629638671875,79.19451904296875,-79.19451904296875,1.914337158203125,-1.914337158203125,50.86859130859375,50.86859130859375,72.51272583007812,72.51272583007812,68.57281494140625,68.57281494140625,38.544097900390625,38.544097900390625,54.872802734375,54.872802734375,24.513702392578125,24.513702392578125
2025-03-07,111.74380620320638,17985.459563762804,-29.971539815266926,-274.4039001464844,137.9777374267578,93.39606094360352,166.5800018310547,345.8500061035156,132.46762084960938,132.46762084960938,96.23831176757812,96.23831176757812,56.15643310546875,56.15643310546875,53.412384033203125,53.412384033203125,45.499114990234375,45.499114990234375,23.20452880859375,23.20452880859375,16.16473388671875,-16.16473388671875,70.06256103515625,-70.06256103515625,128.62274169921875,-128.62274169921875,217.29254150390625,-217.29254150390625,274.4039001464844,-274.4039001464844,259.7512512207031,-259.7512512207031,209.0409698486328,-209.0409698486328,189.0631103515625,-189.0631103515625,163.3275909423828,-163.3275909423828,149.80726623535156,-149.80726623535156,23.0474853515625,-23.0474853515625,36.425140380859375,36.425140380859375,40.050567626953125,40.050567626953125,99.53280639648438,99.53280639648438,107.2353515625,107.2353515625,63.373138427734375,63.373138427734375,89.69406127929688,89.69406127929688,137.9777374267578,137.9777374267578
2025-03-08,144.5511691570282,25974.35364029685,-0.855302095413208,-169.04678344726562,267.1995849609375,180.36495407422385,-81.23999786376953,465.9700012207031,57.45257568359375,-57.45257568359375,83.66400146484375,-83.66400146484375,75.05813598632812,-75.05813598632812,69.54010009765625,-69.54010009765625,76.44552612304688,-76.44552612304688,83.77423095703125,-83.77423095703125,141.81234741210938,-141.81234741210938,169.04678344726562,-169.04678344726562,67.20938110351562,-67.20938110351562,247.6630096435547,247.6630096435547,257.6770935058594,257.6770935058594,210.32432556152344,210.32432556152344,233.95539093017578,233.95539093017578,261.2259521484375,261.2259521484375,267.1995849609375,267.1995849609375,246.3050479888916,246.3050479888916,72.79885864257812,-72.79885864257812,136.03805541992188,-136.03805541992188,112.36737060546875,-112.36737060546875,114.42929077148438,-114.42929077148438,105.45895385742188,-105.45895385742188,113.18121337890625,-113.18121337890625,116.79296875,-116.79296875,149.807861328125,-149.807861328125
